913
622 616
802 705
724 875
105 335
406 133
894 412
401 107
199 570
503 368
873 334
89 104
14 680
737 304
912 383
125 257
26 118
715 169
201 370
86 291
521 255
584 445
390 239
735 607
502 107
388 596
176 164
497 211
616 362
133 129
99 96
360 271
266 227
170 129
203 601
77 706
7 79
62 82
710 518
50 42
420 95
129 3
667 662
386 660
592 567
814 763
421 87
195 630
905 55
407 614
321 480
129 226
344 119
18 893
176 359
515 831
286 131
75 172
366 262
325 278
189 870
329 140
361 462
722 717
169 91
44 304
83 515
27 187
389 441
292 211
705 393
373 434
117 35
350 70
127 145
783 134
36 258
725 637
166 815
638 639
192 306
303 506
655 733
884 582
276 579
619 114
589 701
481 145
429 153
73 50
136 248
560 311
182 572
753 473
108 310
674 161
88 289
332 581
179 738
771 812
34 97
208 127
496 452
450 548
159 168
469 288
852 65
730 763
34 159
845 144
561 403
573 63
881 800
580 453
254 623
193 83
172 837
230 110
287 383
656 347
185 180
131 46
109 196
512 356
277 55
3 17
306 384
260 542
636 471
541 777
327 432
696 313
700 85
680 687
59 48
48 37
30 15
341 29
7 33
607 568
215 586
14 38
442 414
236 708
191 93
157 602
17 72
903 786
107 104
673 568
3 24
644 560
49 184
549 283
712 88
98 53
78 74
404 62
205 194
365 569
171 169
369 183
7 10
743 87
211 600
235 196
399 507
182 332
241 245
36 115
393 73
843 100
141 269
56 909
93 57
334 3
163 227
423 338
56 805
488 456
780 444
163 33
102 21
173 63
353 291
383 399
476 718
414 35
568 685
871 295
72 234
92 3
354 681
62 293
553 191
416 21
362 125
518 280
291 331
541 270
188 184
267 95
11 326
302 417
24 134
296 176
436 355
171 618
273 214
427 15
76 239
16 26
263 215
512 575
682 765
536 147
491 835
35 70
454 491
81 241
25 7
904 783
820 309
433 769
61 901
7 87
559 467
120 426
693 27
878 712
59 282
38 367
31 138
3 206
583 110
259 545
29 412
34 124
348 859
66 81
781 83
107 147
556 465
877 751
323 138
283 528
246 594
63 123
37 551
314 343
175 212
51 34
95 308
180 115
787 418
76 11
748 766
39 17
609 589
200 218
3 246
143 150
190 300
336 111
498 386
694 520
472 241
250 99
40 43
50 111
801 14
179 439
713 303
661 47
649 90
474 807
6 764
328 9
151 145
638 314
509 333
841 890
692 556
233 82
45 64
19 811
54 49
255 92
313 64
119 324
84 137
505 169
283 113
35 311
420 745
2 1
44 298
700 857
755 425
62 50
1 908
18 136
461 460
122 84
478 77
148 275
405 292
113 97
657 296
565 223
667 827
335 454
509 848
654 612
709 74
276 81
464 250
370 882
4 201
489 143
273 280
211 391
21 27
222 36
179 443
824 721
356 446
367 633
278 297
610 628
221 167
325 473
13 533
54 69
61 155
663 653
61 364
262 217
467 308
204 886
906 57
446 747
534 461
191 274
752 251
154 9
107 354
152 143
7 629
128 209
626 82
263 522
173 402
356 132
889 81
168 183
123 284
156 582
317 194
78 80
96 808
253 53
294 485
89 26
280 424
910 879
869 298
790 66
397 204
42 90
74 19
643 632
830 584
874 4
836 123
31 1
273 613
98 144
126 251
449 206
487 304
22 806
418 239
106 99
603 666
796 92
31 103
146 270
14 22
579 778
148 14
244 288
153 53
911 390
125 122
808 817
49 20
139 82
1 211
599 476
178 124
736 57
29 9
448 356
458 33
730 65
422 617
61 36
168 589
201 531
121 73
504 544
858 667
64 143
606 445
136 411
880 491
403 382
608 726
10 88
493 349
104 312
109 318
18 14
206 316
468 343
895 184
2 357
672 840
75 57
111 158
326 646
5 16
325 555
731 181
71 48
500 51
510 362
460 364
389 490
307 121
102 231
211 591
112 179
132 160
119 110
316 538
220 197
98 199
615 406
761 117
571 314
532 2
484 314
257 501
330 838
210 381
41 37
271 137
193 552
173 495
23 319
15 301
72 202
55 10
509 723
228 818
363 732
2 6
744 299
821 182
532 759
866 355
24 53
84 861
682 177
345 33
773 244
203 771
465 883
192 20
262 913
862 37
548 842
872 154
94 278
678 65
161 281
246 728
15 34
534 597
58 33
42 6
108 676
271 578
171 447
255 285
135 651
361 353
907 214
103 156
791 792
314 113
348 318
226 422
113 114
371 176
600 714
8 21
114 214
648 70
192 516
366 686
5 126
396 200
222 322
363 577
513 611
357 879
823 251
702 496
174 71
44 42
243 200
450 419
662 344
415 365
307 675
900 541
229 456
444 231
470 209
229 225
560 566
82 435
428 699
6 20
41 68
116 91
381 833
809 172
627 887
39 511
380 286
2 568
595 518
91 146
448 451
748 730
669 851
238 231
431 137
100 779
443 741
768 740
155 885
164 40
217 105
514 127
519 297
332 525
651 798
78 264
554 697
59 463
269 295
325 338
32 37
317 689
853 102
648 754
540 529
141 137
190 16
290 610
414 430
240 165
550 418
475 289
394 192
8 28
588 127
603 469
361 746
410 314
749 868
314 440
740 531
762 666
465 800
256 789
69 612
9 11
374 12
30 198
265 184
167 389
10 223
8 7
9 35
388 839
105 31
208 309
719 460
645 99
453 355
109 105
342 558
9 216
788 319
614 756
86 219
599 631
138 386
302 58
683 160
444 750
491 520
682 799
91 279
439 749
303 637
675 860
261 147
535 113
109 166
215 56
672 594
77 23
400 128
70 729
165 135
647 555
125 433
150 228
77 130
261 492
425 217
194 79
775 828
5 96
29 40
138 457
675 855
106 225
256 775
46 135
141 668
864 70
438 16
311 398
803 227
373 288
323 627
108 865
377 739
137 186
290 320
159 197
124 898
804 762
203 72
502 625
709 734
321 854
365 123
720 326
187 337
825 451
305 211
15 2
684 252
141 355
381 576
124 200
5 56
345 727
102 888
670 77
634 164
841 270
363 223
153 182
784 432
126 162
376 277
247 144
530 44
70 108
252 50
707 555
247 477
826 657
365 419
624 26
688 576
770 15
51 83
330 258
737 892
124 494
722 793
508 317
7 5
45 2
121 897
585 358
419 774
526 358
246 342
95 64
128 177
272 1
563 392
19 3
721 693
120 12
634 791
36 3
491 543
176 181
463 486
527 439
91 11
628 704
896 709
12 3
244 116
290 782
564 534
161 81
379 849
452 186
902 193
275 664
378 164
131 863
476 256
86 249
245 786
847 675
2 14
267 465
242 12
816 413
846 96
405 698
195 145
270 539
375 81
612 642
49 409
328 794
293 303
652 415
733 776
94 55
3 2
256 205
517 61
66 2
537 494
207 170
189 437
593 381
367 368
474 75
832 341
716 508
268 640
829 44
734 844
321 333
25 157
166 294
265 379
178 587
172 224
254 523
504 256
48 358
795 214
140 16
267 850
46 44
819 808
78 84
605 371
395 103
231 287
7 101
288 327
691 3
264 482
239 797
185 232
867 508
419 483
891 226
461 724
679 168
138 236
19 142
123 562
717 195
331 620
409 546
13 5
667 767
101 254
175 29
9 1
760 408
53 557
1 100
459 333
14 110
346 134
15 57
472 479
856 254
45 67
192 471
52 12
201 772
656 703
210 513
140 299
606 899
385 225
64 382
315 169
574 511
529 388
56 213
757 341
172 641
447 499
347 223
275 598
59 321
392 225
305 377
88 388
296 677
63 53
139 260
758 478
340 331
345 387
